Scenario properties:

global_food_system
include protein
include fat
don't cull animals
baseline_nutrition_profile
stored_food_buffer_as_baseline
global_seasonality_baseline
fish_baseline
disruption_to_crops_to_zero
waste_to_zero
immediate_shutoff
crops_food_produced
[ 493988.352  600678.144 1289046.528 1156049.664 1522887.168 2792934.144
 2012491.008 1994952.96  1638345.984  260147.712  352222.464  502757.376
  493988.352  600678.144 1289046.528 1156049.664 1522887.168 2792934.144
 2012491.008 1994952.96  1638345.984  260147.712  352222.464  502757.376
  493988.352  600678.144 1289046.528 1156049.664 1522887.168 2792934.144
 2012491.008 1994952.96  1638345.984  260147.712  352222.464  502757.376
  493988.352  600678.144 1289046.528 1156049.664 1522887.168 2792934.144
 2012491.008 1994952.96  1638345.984  260147.712  352222.464  502757.376
  493988.352  600678.144 1289046.528 1156049.664 1522887.168 2792934.144
 2012491.008 1994952.96  1638345.984  260147.712  352222.464  502757.376
  493988.352  600678.144 1289046.528 1156049.664 1522887.168 2792934.144
 2012491.008 1994952.96  1638345.984  260147.712  352222.464  502757.376
  493988.352  600678.144 1289046.528 1156049.664 1522887.168 2792934.144
 2012491.008 1994952.96  1638345.984  260147.712  352222.464  502757.376]
nonhuman_consumption.fat
[0 0 0 0 0 0 0 0 0 0 0 0 0 0 0 0 0 0 0 0 0 0 0 0 0 0 0 0 0 0 0 0 0 0 0 0 0
 0 0 0 0 0 0 0 0 0 0 0 0 0 0 0 0 0 0 0 0 0 0 0 0 0 0 0 0 0 0 0 0 0 0 0 0 0
 0 0 0 0 0 0 0 0 0 0]
grain_fed_milk_produced
[0.0, 0.0, 0.0, 0.0, 0.0, 0.0, 0.0, 0.0, 0.0, 0.0, 0.0, 0.0, 0.0, 0.0, 0.0, 0.0, 0.0, 0.0, 0.0, 0.0, 0.0, 0.0, 0.0, 0.0, 0.0, 0.0, 0.0, 0.0, 0.0, 0.0, 0.0, 0.0, 0.0, 0.0, 0.0, 0.0, 0.0, 0.0, 0.0, 0.0, 0.0, 0.0, 0.0, 0.0, 0.0, 0.0, 0.0, 0.0, 0.0, 0.0, 0.0, 0.0, 0.0, 0.0, 0.0, 0.0, 0.0, 0.0, 0.0, 0.0, 0.0, 0.0, 0.0, 0.0, 0.0, 0.0, 0.0, 0.0, 0.0, 0.0, 0.0, 0.0, 0.0, 0.0, 0.0, 0.0, 0.0, 0.0, 0.0, 0.0, 0.0, 0.0, 0.0, 0.0]
cattle_feedlot_maintained
[0, 0, 0, 0, 0, 0, 0, 0, 0, 0, 0, 0, 0, 0, 0, 0, 0, 0, 0, 0, 0, 0, 0, 0, 0, 0, 0, 0, 0, 0, 0, 0, 0, 0, 0, 0, 0, 0, 0, 0, 0, 0, 0, 0, 0, 0, 0, 0, 0, 0, 0, 0, 0, 0, 0, 0, 0, 0, 0, 0, 0, 0, 0, 0, 0, 0, 0, 0, 0, 0, 0, 0, 0, 0, 0, 0, 0, 0, 0, 0, 0, 0, 0, 0]
chicken_pork_maintained
[0, 0, 0, 0, 0, 0, 0, 0, 0, 0, 0, 0, 0, 0, 0, 0, 0, 0, 0, 0, 0, 0, 0, 0, 0, 0, 0, 0, 0, 0, 0, 0, 0, 0, 0, 0, 0, 0, 0, 0, 0, 0, 0, 0, 0, 0, 0, 0, 0, 0, 0, 0, 0, 0, 0, 0, 0, 0, 0, 0, 0, 0, 0, 0, 0, 0, 0, 0, 0, 0, 0, 0, 0, 0, 0, 0, 0, 0, 0, 0, 0, 0, 0, 0]
