Afghanistan
Scenario properties:

country_food_system
country_seasonality_baseline
country_waste_to_doubled_prices
include protein
include fat
don't cull animals
catastrophe_nutrition_profile
stored_food_buffer_zero
fish_baseline
long_delayed_shutoff
disruption_to_crops_to_zero
Ratio BEFORE margin reduction: 0.4499999999999996
running_supply_minus_demand
Ratio: 0.34999999999999964
feed_and_biofuels.feed     kcals: [85.16666667 85.16666667 85.16666667  0.          0.          0.
  0.          0.          0.          0.          0.          0.
  0.          0.          0.          0.          0.          0.
  0.          0.          0.          0.          0.          0.
  0.          0.          0.          0.          0.          0.
  0.          0.          0.          0.          0.          0.
  0.          0.          0.          0.          0.          0.
  0.          0.          0.          0.          0.          0.
  0.          0.          0.          0.          0.          0.
  0.          0.          0.          0.          0.          0.
  0.          0.          0.          0.          0.          0.
  0.          0.          0.          0.          0.          0.
  0.          0.          0.          0.          0.          0.
  0.          0.          0.          0.          0.          0.        ] billion kcals each month
    fat: [2.04166667 2.04166667 2.04166667 0.         0.         0.
 0.         0.         0.         0.         0.         0.
 0.         0.         0.         0.         0.         0.
 0.         0.         0.         0.         0.         0.
 0.         0.         0.         0.         0.         0.
 0.         0.         0.         0.         0.         0.
 0.         0.         0.         0.         0.         0.
 0.         0.         0.         0.         0.         0.
 0.         0.         0.         0.         0.         0.
 0.         0.         0.         0.         0.         0.
 0.         0.         0.         0.         0.         0.
 0.         0.         0.         0.         0.         0.
 0.         0.         0.         0.         0.         0.
 0.         0.         0.         0.         0.         0.        ]  thousand tons each month
    protein: [3.79166667 3.79166667 3.79166667 0.         0.         0.
 0.         0.         0.         0.         0.         0.
 0.         0.         0.         0.         0.         0.
 0.         0.         0.         0.         0.         0.
 0.         0.         0.         0.         0.         0.
 0.         0.         0.         0.         0.         0.
 0.         0.         0.         0.         0.         0.
 0.         0.         0.         0.         0.         0.
 0.         0.         0.         0.         0.         0.
 0.         0.         0.         0.         0.         0.
 0.         0.         0.         0.         0.         0.
 0.         0.         0.         0.         0.         0.
 0.         0.         0.         0.         0.         0.
 0.         0.         0.         0.         0.         0.        ]  thousand tons each month
self.human_inedible_feed
[2212314.93083333 2212314.93083333 2212314.93083333 2212314.93083333
 2212314.93083333 2212314.93083333 2212314.93083333 2212314.93083333
 2212314.93083333 2212314.93083333 2212314.93083333 2212314.93083333
 2212314.93083333 2212314.93083333 2212314.93083333 2212314.93083333
 2212314.93083333 2212314.93083333 2212314.93083333 2212314.93083333
 2212314.93083333 2212314.93083333 2212314.93083333 2212314.93083333
 2212314.93083333 2212314.93083333 2212314.93083333 2212314.93083333
 2212314.93083333 2212314.93083333 2212314.93083333 2212314.93083333
 2212314.93083333 2212314.93083333 2212314.93083333 2212314.93083333
 2212314.93083333 2212314.93083333 2212314.93083333 2212314.93083333
 2212314.93083333 2212314.93083333 2212314.93083333 2212314.93083333
 2212314.93083333 2212314.93083333 2212314.93083333 2212314.93083333
 2212314.93083333 2212314.93083333 2212314.93083333 2212314.93083333
 2212314.93083333 2212314.93083333 2212314.93083333 2212314.93083333
 2212314.93083333 2212314.93083333 2212314.93083333 2212314.93083333
 2212314.93083333 2212314.93083333 2212314.93083333 2212314.93083333
 2212314.93083333 2212314.93083333 2212314.93083333 2212314.93083333
 2212314.93083333 2212314.93083333 2212314.93083333 2212314.93083333
 2212314.93083333 2212314.93083333 2212314.93083333 2212314.93083333
 2212314.93083333 2212314.93083333 2212314.93083333 2212314.93083333
 2212314.93083333 2212314.93083333 2212314.93083333 2212314.93083333]

WARNING: cattle maintained is exceeding 2020 baseline levels in months:
(array([ 0,  1,  2,  3,  4,  5,  6,  7,  8,  9, 10, 11, 12, 13, 14, 15, 16,
       17, 18, 19, 20, 21, 22, 23, 24, 25, 26, 27, 28, 29, 30, 31, 32, 33,
       34, 35, 36, 37, 38, 39, 40, 41, 42, 43, 44, 45, 46]),)
Consider whether the predicted amount of human edible feed fed to animals is reasonable.

cattle_h_e_maintained_fat
[0.92222248 0.92222248 0.92222248 0.         0.         0.
 0.         0.         0.         0.         0.         0.
 0.         0.         0.         0.         0.         0.
 0.         0.         0.         0.         0.         0.
 0.         0.         0.         0.         0.         0.
 0.         0.         0.         0.         0.         0.
 0.         0.         0.         0.         0.         0.
 0.         0.         0.         0.         0.         0.
 0.         0.         0.         0.         0.         0.
 0.         0.         0.         0.         0.         0.
 0.         0.         0.         0.         0.         0.
 0.         0.         0.         0.         0.         0.
 0.         0.         0.         0.         0.         0.
 0.         0.         0.         0.         0.         0.        ]
self.chicken_pork_fat
[0.75623556 0.75623556 0.75623556 0.         0.         0.
 0.         0.         0.         0.         0.         0.
 0.         0.         0.         0.         0.         0.
 0.         0.         0.         0.         0.         0.
 0.         0.         0.         0.         0.         0.
 0.         0.         0.         0.         0.         0.
 0.         0.         0.         0.         0.         0.
 0.         0.         0.         0.         0.         0.
 0.         0.         0.         0.         0.         0.
 0.         0.         0.         0.         0.         0.
 0.         0.         0.         0.         0.         0.
 0.         0.         0.         0.         0.         0.
 0.         0.         0.         0.         0.         0.
 0.         0.         0.         0.         0.         0.        ]
cattle_h_e_maintained_kcals
[13.93468027 13.93468027 13.93468027  0.          0.          0.
  0.          0.          0.          0.          0.          0.
  0.          0.          0.          0.          0.          0.
  0.          0.          0.          0.          0.          0.
  0.          0.          0.          0.          0.          0.
  0.          0.          0.          0.          0.          0.
  0.          0.          0.          0.          0.          0.
  0.          0.          0.          0.          0.          0.
  0.          0.          0.          0.          0.          0.
  0.          0.          0.          0.          0.          0.
  0.          0.          0.          0.          0.          0.
  0.          0.          0.          0.          0.          0.
  0.          0.          0.          0.          0.          0.
  0.          0.          0.          0.          0.          0.        ]
self.chicken_pork_kcals
[8.08168129 8.08168129 8.08168129 0.         0.         0.
 0.         0.         0.         0.         0.         0.
 0.         0.         0.         0.         0.         0.
 0.         0.         0.         0.         0.         0.
 0.         0.         0.         0.         0.         0.
 0.         0.         0.         0.         0.         0.
 0.         0.         0.         0.         0.         0.
 0.         0.         0.         0.         0.         0.
 0.         0.         0.         0.         0.         0.
 0.         0.         0.         0.         0.         0.
 0.         0.         0.         0.         0.         0.
 0.         0.         0.         0.         0.         0.
 0.         0.         0.         0.         0.         0.
 0.         0.         0.         0.         0.         0.        ]
h_e_meat_fat
[1.67845804 1.67845804 1.67845804 0.         0.         0.
 0.         0.         0.         0.         0.         0.
 0.         0.         0.         0.         0.         0.
 0.         0.         0.         0.         0.         0.
 0.         0.         0.         0.         0.         0.
 0.         0.         0.         0.         0.         0.
 0.         0.         0.         0.         0.         0.
 0.         0.         0.         0.         0.         0.
 0.         0.         0.         0.         0.         0.
 0.         0.         0.         0.         0.         0.
 0.         0.         0.         0.         0.         0.
 0.         0.         0.         0.         0.         0.
 0.         0.         0.         0.         0.         0.
 0.         0.         0.         0.         0.         0.        ]
h_e_milk_fat
[0. 0. 0. 0. 0. 0. 0. 0. 0. 0. 0. 0. 0. 0. 0. 0. 0. 0. 0. 0. 0. 0. 0. 0.
 0. 0. 0. 0. 0. 0. 0. 0. 0. 0. 0. 0. 0. 0. 0. 0. 0. 0. 0. 0. 0. 0. 0. 0.
 0. 0. 0. 0. 0. 0. 0. 0. 0. 0. 0. 0. 0. 0. 0. 0. 0. 0. 0. 0. 0. 0. 0. 0.
 0. 0. 0. 0. 0. 0. 0. 0. 0. 0. 0. 0.]
